Ordered False
Dataset mstrain-poly_3x_coco_instance
Ensemble Method network
Credibility Threshold 0.6
Viable Countability 0
Average Acceptability 0
Average Acceptability 2 0.5
Deviation Threshold 0.5
Checkpoint 
loading annotations into memory...
Done (t=0.36s)
creating index...
index created!
Loading inference results from model: mask_rcnn_X-101-64x4d-FPN
load checkpoint from local path: checkpoints/mask_rcnn_x101_64x4d_fpn_mstrain-poly_3x_coco_20210526_120447-c376f129.pth
Loading inference results from model: cascade_mask_rcnn_X-101-64x4d-FPN
load checkpoint from local path: checkpoints/cascade_mask_rcnn_x101_64x4d_fpn_mstrain_3x_coco_20210719_210311-d3e64ba0.pth
Loading inference results from model: hybrid_task_cascade_mask_rcnn_X-101-64x4d-FPN
load checkpoint from local path: checkpoints/htc_x101_64x4d_fpn_dconv_c3-c5_mstrain_400_1400_16x1_20e_coco_20200312-946fd751.pth
Loading inference results from model: cascade_mask_rcnn_x101_32x4d_fpn_dconv_c3-c5_1x_coco
load checkpoint from local path: checkpoints/cascade_mask_rcnn_x101_32x4d_fpn_dconv_c3-c5_1x_coco-e75f90c8.pth
Loading inference results from model: detectors_htc_r101_20e_coco
load checkpoint from local path: checkpoints/detectors_htc_r101_20e_coco_20210419_203638-348d533b.pth
0.030192114
0.030067971
0.030192114
0.030192114
0.030192114
0.030192114
0.030192114
0.030192114
0.030192114
0.030192114
0.030192114
0.030067971
0.029799335
0.030192114
0.030192114
0.030067971
0.030192114
0.030192114
0.029350245
0.030192114
0.030067971
0.030067971
0.030192114
0.030067971
0.030192114
0.030192114
0.030192114
0.030192114
0.030192114
0.030192114
0.030067971
0.029538743
0.030192114
0.030192114
0.030192114
0.030067971
0.030192114
0.029538743
0.030192114
0.030192114
0.030192114
0.030192114
0.029736657
0.030192114
0.030067971
0.030192114
0.030192114
0.030192114
0.030192114
0.030192114
0.030192114
0.030067971
0.030192114
0.030192114
0.030067971
0.030192114
0.030192114
0.029093128
0.030192114
0.030192114
0.030192114
0.030192114
0.030192114
0.030192114
0.030192114
0.029582921
0.030192114
0.030192114
0.029678391
0.029093128
0.030192114
0.029849472
0.030192114
0.030192114
0.030192114
0.030192114
0.030192114
0.030192114
0.029093128
0.029972993
0.029972993
0.030192114
0.030192114
0.030192114
0.030192114
0.030192114
0.029799335
0.030192114
0.030192114
0.030192114
0.030192114
0.029799335
0.030192114
0.030192114
0.030192114
0.030192114
0.030192114
0.029972993
0.029154737
0.030192114
0.030192114
0.030192114
0.030067971
0.030192114
0.030192114
0.030067971
0.029538743
0.030192114
0.030192114
0.030192114
0.030192114
0.030192114
0.030067971
0.029154737
0.030192114
0.030192114
0.030192114
0.030192114
0.030192114
0.030192114
0.030192114
0.030192114
0.029736657
0.029972993
0.030192114
0.030067971
0.030192114
0.030192114
0.030192114
0.030192114
0.030192114
0.030192114
0.030192114
0.030192114
0.030192114
0.030192114
0.030192114
0.030192114
0.030067971
0.030067971
0.030192114
0.029615099
0.029615099
0.030192114
0.030192114
0.030192114
0.030192114
0.029538743
0.030192114
0.030192114
0.029972993
0.030192114
0.030192114
0.029093128
0.029582921
0.030192114
0.030192114
0.030192114
0.030192114
0.030067971
0.029799335
0.030192114
0.030192114
0.030192114
0.030192114
0.030192114
0.030192114
0.030192114
0.030192114
0.030192114
0.030192114
0.030192114
0.030192114
0.030192114
0.030192114
0.030192114
0.030192114
0.030192114
0.030192114
0.030192114
0.030192114
0.029972993
0.030192114
0.030192114
0.030192114
0.030192114
0.030192114
0.030192114
0.030192114
0.030192114
0.030192114
0.030192114
0.030192114
0.030192114
0.030192114
0.030192114
0.029538743
0.030192114
0.030192114
0.030192114
0.030192114
0.030192114
0.030192114
0.030192114
0.030192114
0.030192114
0.030192114
0.030192114
0.030192114
0.030192114
0.030192114
0.030192114
0.030192114
0.030192114
0.030192114
0.030192114
0.029093128
0.030192114
0.030192114
0.030192114
0.030192114
0.030192114
0.030192114
0.030192114
0.030192114
0.030192114
0.030192114
0.030192114
0.029736657
0.029154737
0.029678391
0.030192114
0.030067971
0.028974753
0.029093128
0.030192114
0.030192114
0.030192114
0.030192114
0.030192114
0.030192114
0.030192114
0.030192114
0.030192114
0.029799335
0.030192114
0.030192114
0.030192114
0.030192114
0.030192114
0.029736657
0.029093128
0.030192114
0.030192114
0.030192114
0.030192114
0.030192114
0.030192114
0.030192114
0.030192114
0.030192114
0.030192114
0.029093128
0.029799335
0.029093128
0.030192114
0.030192114
0.030192114
0.030192114
0.030192114
0.030192114
0.030192114
0.029799335
0.030192114
0.030192114
0.029799335
0.029154737
0.029736657
0.029154737
0.029799335
0.030192114
0.029093128
0.029538743
0.030192114
0.029799335
0.030192114
0.030192114
0.030192114
0.029736657
0.029972993
0.030192114
0.030192114
0.030192114
0.030192114
0.030192114
0.030192114
0.030192114
0.030192114
0.030192114
0.030192114
0.030192114
0.030192114
0.030192114
0.029799335
0.030192114
0.030192114
0.030192114
0.030192114
0.030192114
0.030192114
0.030192114
0.030192114
0.030192114
0.030192114
0.030067971
0.030192114
0.030192114
0.030192114
0.030192114
0.030192114
0.030192114
0.030192114
0.030192114
0.030192114
0.030192114
0.029350245
0.030067971
0.030192114
0.030192114
0.030067971
0.029093128
0.030192114
0.030192114
0.030192114
0.030192114
0.030192114
0.030067971
0.029093128
0.030192114
0.029093128
0.030192114
0.030192114
0.030192114
0.029736657
0.030192114
0.030192114
0.030192114
0.030192114
0.030192114
0.030192114
0.030192114
0.030192114
0.030192114
0.030192114
0.030192114
0.030192114
0.030192114
0.030192114
0.030192114
0.029350245
0.030067971
0.030192114
0.030192114
0.030192114
0.030192114
0.030192114
0.030192114
0.030192114
0.030192114
0.030192114
0.030192114
0.030192114
0.030192114
0.030192114
0.030192114
0.030192114
0.030192114
0.030192114
0.030192114
0.030192114
0.030192114
0.030192114
0.030192114
0.030192114
0.030192114
0.030192114
0.030067971
0.030192114
0.029972993
0.030192114
0.030192114
0.030067971
0.030192114
0.030192114
0.029154737
0.030192114
0.030192114
0.030192114
0.030192114
0.030192114
0.030192114
0.030192114
0.030192114
0.030192114
0.030192114
0.030192114
0.030192114
0.030192114
0.030192114
0.030192114
0.030067971
0.030192114
0.030192114
0.030192114
0.029736657
0.030192114
0.030192114
0.030192114
0.030192114
0.030192114
0.030192114
0.030192114
0.030192114
0.030192114
0.030192114
0.029093128
0.030192114
0.030192114
0.029093128
0.029972993
0.029582921
0.029093128
0.029972993
0.029799335
0.029972993
0.030192114
0.030192114
0.029972993
0.030192114
0.030192114
0.030192114
0.030192114
0.030192114
0.030192114
0.030192114
0.030192114
0.030192114
0.030192114
0.029972993
0.030192114
0.030192114
0.030192114
0.030192114
0.030192114
0.030192114
0.030192114
0.030192114
0.030192114
0.030192114
0.030192114
0.030192114
0.030192114
0.030192114
0.030192114
0.030192114
0.030192114
0.030192114
0.030192114
0.030192114
0.030192114
0.030192114
0.030192114
0.030192114
0.029972993
0.030192114
0.029972993
0.030192114
0.030192114
0.030192114
0.030192114
0.030192114
0.030192114
0.030192114
0.030192114
0.030192114
0.030192114
0.030192114
0.030192114
0.030192114
0.030192114
0.030192114
0.030192114
0.030192114
0.030192114
0.030192114
0.029736657
0.029972993
0.030192114
0.029736657
0.030192114
0.030067971
0.030192114
0.030192114
0.030192114
0.030192114
0.030192114
0.030192114
0.030192114
0.029538743
0.029799335
0.029093128
0.030192114
0.029799335
0.029972993
0.030192114
0.030192114
0.030192114
0.030192114
0.030192114
0.030192114
0.030192114
0.030192114
0.030192114
0.030067971
0.030192114
0.030192114
0.030192114
0.030192114
0.030067971
0.030067971
0.030192114
0.030067971
0.029678391
0.030192114
0.030192114
0.030192114
0.030192114
0.030192114
0.030192114
0.030192114
0.030192114
0.030192114
0.029799335
0.030192114
0.030192114
0.030067971
0.030067971
0.030067971
0.030192114
0.030192114
0.030192114
0.030192114
0.030192114
0.030192114
0.030192114
0.030192114
0.030192114
0.030192114
0.030192114
0.030192114
0.030192114
0.029799335
0.030192114
0.030192114
0.030192114
0.030192114
0.030192114
0.030192114
0.030192114
0.030192114
0.030192114
0.030192114
0.030067971
0.030192114
0.030192114
0.030192114
0.030192114
0.030192114
0.030192114
0.030192114
0.030192114
0.030192114
0.030192114
0.030192114
0.030192114
0.030192114
0.030192114
0.030192114
0.030192114
0.029972993
0.030192114
0.030192114
0.029154737
0.030192114
0.030192114
0.029736657
0.030192114
0.030192114
0.030192114
0.029417807
0.030067971
0.030067971
0.030192114
0.029037025
0.029093128
0.029154737
0.030192114
0.030192114
0.030192114
0.030192114
0.030192114
0.030192114
0.030192114
0.030192114
0.030192114
0.030192114
0.030192114
0.030192114
0.029799335
0.029799335
0.030192114
0.030067971
0.029799335
0.029799335
0.029678391
0.030192114
0.030192114
0.030192114
0.029538743
0.030192114
0.030192114
0.030192114
0.02952093
0.029972993
0.030192114
0.030192114
0.030192114
0.030192114
0.030192114
0.030192114
0.030192114
0.030192114
0.030192114
0.030192114
0.030192114
0.030192114
0.029736657
0.030192114
0.030192114
0.030192114
0.030192114
0.030192114
0.030192114
0.030192114
0.030192114
0.030192114
0.030192114
0.030192114
0.030192114
0.030192114
0.030192114
0.030192114
0.030192114
0.030192114
0.029678391
0.030192114
0.029350245
0.030067971
0.029849472
0.029582921
0.030192114
0.030192114
0.030192114
0.030192114
0.030067971
0.030067971
0.030192114
0.030192114
0.030192114
0.030192114
0.029799335
0.029799335
0.029972993
0.029972993
0.030192114
0.030192114
0.030192114
0.030192114
0.030192114
0.030192114
0.030192114
0.030192114
0.030192114
0.030192114
0.030192114
0.030192114
0.030192114
0.030192114
0.030192114
0.030192114
0.030192114
0.030192114
0.029972993
0.030192114
0.030192114
0.030192114
0.030192114
0.030192114
0.030192114
0.030192114
0.030192114
0.030192114
0.030192114
0.030192114
0.030192114
0.02952093
0.030192114
0.030192114
0.030192114
0.030067971
0.030192114
0.030192114
0.030192114
0.030192114
0.030192114
0.030192114
0.030067971
0.030192114
0.030192114
0.030192114
0.030192114
0.030192114
0.030192114
0.030067971
0.030192114
0.030192114
0.030192114
0.030192114
0.030192114
0.030192114
0.030192114
0.030192114
0.030192114
0.030192114
0.030192114
0.030192114
0.030192114
0.030192114
0.030192114
0.030192114
0.030192114
0.029736657
0.030192114
0.030192114
0.030067971
0.030192114
0.030192114
0.030192114
0.030192114
0.029799335
0.030192114
0.030192114
0.030192114
0.030192114
0.030192114
0.030192114
0.030192114
0.030067971
0.030192114
0.030192114
0.030192114
0.030192114
0.030192114
0.030192114
0.030192114
0.030192114
0.030192114
0.030192114
0.030192114
0.030192114
0.030192114
0.030192114
0.030192114
0.030192114
0.030192114
0.030067971
0.030192114
0.030067971
0.030192114
0.030192114
0.030192114
0.029799335
0.030192114
0.030192114
0.030192114
0.030192114
0.030192114
0.030192114
0.030192114
0.030192114
0.030192114
0.030192114
0.030192114
0.030192114
0.030192114
0.030192114
0.030192114
0.030192114
0.029799335
0.030192114
0.030192114
0.030192114
0.030192114
0.030192114
0.030192114
0.029350245
0.029736657
0.029350245
0.030192114
0.030192114
0.030192114
0.029736657
0.030192114
0.030192114
0.030192114
0.029093128
0.029799335
0.030192114
0.029538743
0.030192114
0.030192114
0.030192114
0.030192114
0.030192114
0.030192114
0.030192114
0.029799335
0.030192114
0.030192114
0.030192114
0.029799335
0.030192114
0.029972993
0.030192114
0.030192114
0.030192114
0.030192114
0.030192114
0.030192114
0.030192114
0.030192114
0.030192114
0.030192114
0.029582921
0.030192114
0.030192114
0.030192114
0.030192114
0.030192114
0.030192114
0.030192114
0.030067971
0.030192114
0.030192114
0.030192114
0.030192114
0.030192114
0.030067971
0.030192114
0.030192114
0.030192114
0.029799335
0.030192114
0.030192114
0.030192114
0.030192114
0.030192114
0.030192114
0.030192114
0.029799335
0.030067971
0.030192114
0.029799335
0.030192114
0.030192114
0.030192114
0.030192114
0.030192114
0.030192114
0.030192114
0.029972993
0.029154737
0.029093128
0.029972993
0.029972993
0.029093128
0.030192114
0.029799335
0.030192114
0.030192114
0.030192114
0.030192114
0.030192114
0.029736657
0.030192114
0.030192114
0.030192114
0.030067971
0.030192114
0.030192114
0.030067971
0.030192114
0.030192114
0.030067971
0.029736657
0.030192114
0.030192114
0.030192114
0.029538743
0.029324032
0.029972993
0.030192114
0.030192114
0.030192114
0.030192114
0.030192114
0.030192114
0.030192114
0.030192114
0.030192114
0.029350245
0.030192114
0.030192114
0.029538743
0.029736657
0.029736657
0.030192114
0.030067971
0.030067971
0.030067971
0.030067971
0.030067971
0.030192114
0.030067971
0.030192114
0.030192114
0.030192114
0.030192114
0.030192114
0.030192114
0.029799335
0.030192114
0.029093128
0.029972993
0.029799335
0.030192114
0.030192114
0.030192114
0.030192114
0.030192114
0.030192114
0.030192114
0.030192114
0.030192114
0.029736657
0.030192114
0.030192114
0.030192114
0.029799335
0.030192114
0.030192114
0.030192114
0.030192114
0.030192114
0.029799335
0.030192114
0.030192114
0.030192114
0.029799335
0.029799335
0.030192114
0.030192114
0.030192114
0.030192114
0.030192114
0.030192114
0.029799335
0.029736657
0.030067971
0.029736657
0.030192114
0.030192114
0.030192114
0.030192114
0.030192114
0.030192114
0.030192114
0.030192114
0.030192114
